8193	37.7688828622445	-122.41947412490845
10241	37.786883	-122.402623
22529	37.790716856029064	-122.40472430128631
8194	37.77933073282808	-122.41922736167908
30723	37.617698812122356	-122.38140821456909
8197	37.775921768505334	-122.40889549255371
104455	37.800023	-122.42878
8200	37.79659394983675	-122.4051612778455
67593	37.79769127018879	-122.4000889191639
8201	37.79649677401526	-122.40512255847688
10249	37.78694828403577	-122.40019955118841
8205	37.783606429389636	-122.398678350653
24590	37.766902080201056	-122.42893780668447
55310	37.61824695194618	-122.39202976226807
8208	37.784336	-122.40208
22544	37.78819	-122.433733
8209	37.782509291751204	-122.40808178340662
8210	37.77533352890043	-122.40388353115281
8211	37.78579206961129	-122.40951776504517
22551	37.763461	-122.466368
51229	37.76371663	-122.466438
51231	37.80078821917977	-122.44987261946841
20512	37.761419193645686	-122.424795627594
20516	37.78007695280165	-122.51380205154419
8231	37.79329901832576	-122.39915407391149
20522	37.78931557308005	-122.4337897207979
8235	37.77841855541572	-122.41214159383547
20523	37.810360340560145	-122.47672855854034
51243	37.787053	-122.440141
14381	37.76928994977783	-122.48620748519897
20530	37.76586355975917	-122.45022296905518
10291	37.76503488742318	-122.42244528567039
51251	37.76577140645965	-122.449904
8244	37.78301864368556	-122.39902684580889
10296	37.7559842	-122.421172
53305	37.61739287185886	-122.38207340240479
53315	37.779999	-122.485679
8261	37.788658	-122.43391
10313	37.796576	-122.405002
8267	37.79774659682308	-122.43374347686768
20555	37.827234	-122.371563
10317	37.78772874107743	-122.42177610181552
104524	37.764995	-122.419223
8272	37.784792	-122.406676
26704	37.77872590732733	-122.39125457652494
8273	37.783939	-122.402108
10324	37.791246378065594	-122.40398862778716
20576	37.77626994854501	-122.45093417840835
20579	37.76049396	-122.410557
45156	37.78640143630093	-122.40795456610445
45157	37.761935705864076	-122.43514237890182
36966	37.76328172065263	-122.43458940162556
63593	37.782089	-122.4099736
69745	37.75805811	-122.388467
4213	37.77364852834092	-122.42156041354832
51317	37.79472471628824	-122.40037656218564
4214	37.799772	-122.440832
4215	37.79805635393336	-122.42219641613993
4216	37.794206966666664	-122.42129205
4217	37.78762478684106	-122.45273106354212
4219	37.778107	-122.421751
61564	37.751648	-122.429049
88191	37.76755213737488	-122.42912258
4223	37.798792	-122.422327
4227	37.795391877507974	-122.39330381155014
61571	37.799577	-122.400623
61573	37.755309	-122.420903
61574	37.75142687650075	-122.43074476718903
63622	37.782977	-122.465162
51335	37.779200318147645	-122.39061285462344
61576	37.802489718921066	-122.40217387676239
4235	37.79594115	-122.421717
4237	37.769148	-122.452545
4240	37.795778	-122.40338134999999
8336	37.782928206894745	-122.40086495876312
4241	37.79619516102866	-122.3938000202179
8337	37.751889	-122.430868
4243	37.778436894188054	-122.39444099975675
4244	37.778584505321376	-122.39323139190674
4245	37.79303284401639	-122.39949703216553
4248	37.799184708765175	-122.41911038494952
61596	37.797518344469395	-122.40174838731465
37022	37.774206626891306	-122.43744224309921
90277	37.79233710932616	-122.40575312927692
112806	37.76507736486825	-122.39575481805574
112810	37.74509989054281	-122.42973690096966
37037	37.783938040486866	-122.44056140185761
41142	37.763726226183614	-122.43344306945801
55479	37.8042063234344	-122.40198612213135
41144	37.76156318608264	-122.43505390273357
112825	37.765903	-122.430848
112824	37.75153203393246	-122.4304806891426
26810	37.80723253644045	-122.4747383594513
55482	37.7976379	-122.430056
112826	37.76500838	-122.398478
14531	37.78835087959596	-122.43354979645153
41155	37.771628	-122.416821
4292	37.76312402977745	-122.41099834442139
4293	37.78395985760533	-122.43303551986902
14535	37.8075729695343	-122.42029392734744
41160	37.765198060880415	-122.43182447150345
41161	37.784732177766266	-122.4025011062622
14538	37.78887562315217	-122.40859065107551
37067	37.77596168300619	-122.44596355705447
204	37.77833858778822	-122.38940119743347
41165	37.771181	-122.4302427
206	37.81534420993673	-122.35495090484619
59600	37.79038301074449	-122.40078589897591
37075	37.76946702049605	-122.43253230055683
14550	37.79028080212431	-122.40730188361148
14551	37.79049992546272	-122.40558832883835
14557	37.78551346921209	-122.41500659725646
49373	37.79677081184399	-122.42201944189267
41183	37.76491561479136	-122.43216179688253
41184	37.76214330504652	-122.43525297400708
121056	37.7745605173121	-122.42167102297148
65767	37.77785382415768	-122.50898558477724
65768	37.761082326989175	-122.43419125618094
4337	37.77551740042325	-122.437730273791
45300	37.779911	-122.410234
12535	37.797282484278654	-122.40362355481669
82168	37.786607	-122.440131
4348	37.78896317523384	-122.40211486816406
4349	37.75278414648941	-122.40790843963623
94463	37.76094051	-122.434305
61698	37.739097	-122.416692
41219	37.762534	-122.39705827
49411	37.799275	-122.407407
16644	37.756739850048035	-122.42110691369511
12551	37.79130409139914	-122.40367333756913
16651	37.776538425219165	-122.39355589186741
12556	37.777667	-122.406998
16652	37.758114770244234	-122.41841076132413
16653	37.72649109486148	-122.47661590576172
12560	37.743163958372556	-122.48339653015137
94481	37.72753163	-122.45109425
12561	37.80741244369056	-122.4185352006497
12563	37.790196817258156	-122.40214169025421
45334	37.767892	-122.428693
16671	37.7940502261884	-122.39618182182312
16673	37.76497205586478	-122.4225614245827
12579	37.761730843918954	-122.42291537095151
16676	37.792880235482244	-122.48378276824951
28968	37.806236815172	-122.412667034675
12585	37.783032299723544	-122.40748994508438
16682	37.78242156085735	-122.41080522537231
71979	37.74108111629051	-122.46565103530884
16689	37.778982	-122.389417
16690	37.7664184277528	-122.409984493378
16693	37.750901567744826	-122.41817570886244
28981	37.79734605109025	-122.43280879498329
82228	37.800436	-122.402835
16702	37.783201423578895	-122.40690916592153
16705	37.72570190445349	-122.45116710662842
28995	37.78478044254253	-122.38848297372948
28997	37.76889734725393	-122.40268874097862
16715	37.74481916482962	-122.40367333756913
33104	37.78323134491339	-122.40301609039307
33108	37.760647	-122.43496
57684	37.76190620841316	-122.42162124874547
33109	37.76088960501994	-122.4350007623434
4442	37.79037129210827	-122.39993956574624
4443	37.76404834969409	-122.42180928458654
2396	37.61642405271961	-122.38627910614014
4447	37.790353670610145	-122.4607801437378
2400	37.658604	-122.400174
4448	37.80173948664206	-122.45625257492065
2401	37.760768	-122.4215427
4449	37.786405	-122.453316
2403	37.77112795731	-122.40708340000728
4451	37.802786028338545	-122.4141990945467
2404	37.768348556456026	-122.39311337471008
4452	37.79709381086916	-122.4034908413887
4454	37.76943423455803	-122.45114980625286
2407	37.76200019942784	-122.43500679731368
4455	37.76122411038883	-122.41932392120361
2408	37.761186	-122.4307403
4456	37.75378447952	-122.42074190019527
61800	37.653845738869144	-122.42044878237519
4457	37.797522	-122.432366
10601	37.78827928300254	-122.40136118042115
4458	37.79669153492159	-122.40292106235334
10602	37.788886736811534	-122.40090206182894
4460	37.7134556467668	-122.3862361907959
4461	37.794016313675044	-122.40235090255737
14701	37.78543594764699	-122.40846633911133
110960	37.791585	-122.402608
4467	37.77671275752899	-122.39566907462495
2420	37.76461205879493	-122.43299681077688
4468	37.757223	-122.419014
14708	37.78912592090582	-122.40992365144201
2421	37.7792418232402	-122.41431589072604
2423	37.776526	-122.408332
4471	37.75807394	-122.388385
2424	37.77556601797267	-122.40941479022656
2425	37.768611469310585	-122.43485927581787
4473	37.78999904153704	-122.39122691617881
4474	37.79749226531914	-122.42217779159546
61818	37.71364903404825	-122.42864471175321
4475	37.76275295560687	-122.43226289749146
10619	37.767908	-122.453089
14715	37.760452	-122.41941263333335
4477	37.797450985956424	-122.43325118454939
2430	37.783997	-122.40131
16766	37.80069141386642	-122.43679023389005
2432	37.78099487783403	-122.39432573318481
4481	37.80033571161636	-122.40923226332067
2434	37.760553988302846	-122.42168006462327
4482	37.778063700597336	-122.39145373080255
4483	37.787004	-122.434077
2436	37.76005771562691	-122.42678658144186
2437	37.76482	-122.423351
10629	37.808783740409325	-122.41037607192993
2438	37.770116839430536	-122.42210805416107
2440	37.7523522	-122.4142997
37265	37.78657046899121	-122.40459154855427
61841	37.787386	-122.388075
72080	37.76026565039251	-122.42069721221924
90512	37.774609034936695	-122.39575481805574
2451	37.802697408996096	-122.44807720184326
37267	37.79354365639975	-122.40111440420151
2452	37.76866023683458	-122.40226281712538
14742	37.81646299151568	-122.37162351608276
2457	37.77809708189637	-122.42039347703434
2459	37.657028	-122.39375
2460	37.77242136065558	-122.40719679028894
18849	37.787606724463494	-122.3964435288854
18850	37.79623152485433	-122.41841076132413
18854	37.79714024969708	-122.42211898994347
90537	37.778876	-122.392934
2474	37.79090477434194	-122.39592432975768
18860	37.798597	-122.418956
2477	37.797068377533414	-122.40559101104736
2479	37.769103368269896	-122.41523623466492
18863	37.7965433	-122.4220479
2480	37.764539584185044	-122.40271086684592
2482	37.776171	-122.408366
18866	37.752451	-122.420881
2483	37.779822560475154	-122.41473197937012
18869	37.800618	-122.438235
18872	37.78285825179079	-122.46352672576904
2491	37.786554	-122.414665
18877	37.784596510512785	-122.39577412605287
22977	37.78597860900295	-122.40337014198303
22978	37.800583	-122.40753368333333
27075	37.78658909826544	-122.40147113800049
92613	37.771725238868974	-122.4331405873328
455	37.804981961275594	-122.43021368980408
458	37.78246395814844	-122.40782260894775
10698	37.79462876347075	-122.41805403444035
459	37.79590475625579	-122.39393759555746
92618	37.79021552367176	-122.40120629726462
18898	37.75904423204625	-122.42125511169434
35282	37.614435384411664	-122.38499164581299
467	37.75245543494872	-122.41834491491318
37331	37.78238654773534	-122.4761540930658
2516	37.751246	-122.429361
18900	37.76172637939453	-122.421521
18901	37.7554271459958	-122.41980170806399
18902	37.76182	-122.419688
470	37.76395151917371	-122.42183140642803
2527	37.795427908882	-122.39362835884094
18914	37.766055	-122.449882
18915	37.78641103941816	-122.40378856658936
20963	37.77033400940815	-122.44596908624153
4583	37.76094943493234	-122.43471105687655
4585	37.76883197614526	-122.42831468582152
4588	37.787990822954356	-122.41828632185113
4589	37.7666027991409	-122.429673305453
4590	37.763979033333335	-122.433565
4591	37.772122008438835	-122.4107924848795
18927	37.79827	-122.42223
2545	37.78816617218476	-122.40166425704956
2548	37.77364903829082	-122.3930811882019
2549	37.77393043041229	-122.410945
37367	37.7985943621788	-122.45734691619873
4601	37.769391721310974	-122.51133441925049
4602	37.80201075795017	-122.41885185241698
37370	37.79808	-122.407142
4603	37.762874	-122.410492
4605	37.782086	-122.392166
37373	37.758656	-122.419752
37374	37.729758083965066	-122.47786045074463
18944	37.79979620591903	-122.40744569535634
18946	37.800120315301065	-122.4355673789978
4611	37.76669260804149	-122.43050068616867
27139	37.77712080113056	-122.39286439615024
18948	37.790825611583784	-122.38936259209979
18949	37.79198153438747	-122.40928173065186
92683	37.80240918587769	-122.45088815689087
2574	37.770076	-122.413389
2575	37.759395	-122.43484517
2576	37.776642582524694	-122.39486753940582
37392	37.78016175004926	-122.48530626296997
2578	37.764283	-122.41987109184265
27156	37.809224513734	-122.36602306365967
37400	37.77472887769752	-122.46510385329299
37402	37.78757591257018	-122.42003952216318
2587	37.783321	-122.4126935005188
29212	37.77195356065678	-122.40279383880691
35356	37.78203618453475	-122.39727882673468
2589	37.76464200677379	-122.42241763352948
18974	37.77990451229369	-122.39045242353694
2591	37.76100689541682	-122.43288068341475
64031	37.78235038572356	-122.43957162163811
2592	37.76251652737868	-122.43500411510468
29218	37.799594749418844	-122.40812603286692
64034	37.78272339	-122.447407
29219	37.780101	-122.483146
29220	37.783943608372155	-122.49674320220947
37412	37.78214491156624	-122.48193579375221
2597	37.783265	-122.403552
70180	37.789306	-122.433899
2598	37.77097	-122.407654
18983	37.78493	-122.39594
29223	37.80588474260247	-122.42321312427521
33319	37.782909	-122.390922
29224	37.791071	-122.41720488000001
37416	37.782092	-122.4841046333313
2604	37.76779940481725	-122.47636914253235
29228	37.792816	-122.42137849330902
37421	37.764079649975535	-122.46698894433108
37422	37.78787895764054	-122.41987913596937
2607	37.73329799773515	-122.43383181802278
107059	37.78566460494554	-122.39847367835672
2611	37.791680551860324	-122.40097492933273
12851	37.78209298102679	-122.4005725979805
16948	37.78180161895896	-122.38844978043959
12855	37.745857567430114	-122.41950899362564
94776	37.79623152485433	-122.41841076132413
37438	37.764047	-122.46437
8767	37.751383781433105	-122.430028
37439	37.781298	-122.460825
59968	37.742229	-122.42662675
70210	37.7997765	-122.439406
37448	37.78706391976077	-122.40826785564423
12873	37.778658247131226	-122.42016672483237
12876	37.74518141010382	-122.42011694989321
84557	37.79973077124724	-122.44323210295555
6733	37.7875811325609	-122.40879893302917
39502	37.77521045038958	-122.419447751198
2640	37.770233509474245	-122.4256971266422
29266	37.76591506294141	-122.4665301129853
57939	37.757586	-122.409555
2645	37.76034693	-122.41905168
12885	37.779954	-122.39246473333333
4693	37.75900552994533	-122.4124070800622
2646	37.809521186605714	-122.41015076637268
29270	37.769817770964494	-122.44863412043576
16985	37.7647525336473	-122.42246187695144
12890	37.780679	-122.396086
12891	37.74991688438296	-122.41391658782959
4699	37.75464708149084	-122.44677081527817
4700	37.756487584998794	-122.41936479238491
12892	37.772414	-122.406113
10846	37.78819679801081	-122.43375993024331
16990	37.77705874785067	-122.4226830937816
90719	37.780231685073794	-122.42059257612503
12895	37.75171051460372	-122.41847989430097
16992	37.77678747590917	-122.43880854447329
12898	37.77686106445549	-122.43816711299372
19043	37.7900378397639	-122.3976549851902
12900	37.78553769695475	-122.42992401123047
19044	37.788125163273115	-122.42038241596269
39524	37.79790439934405	-122.40594119352023
10853	37.79736179539808	-122.43457834205029
12901	37.77699197247508	-122.40852980833175
10854	37.78615898074854	-122.39747796961392
12902	37.76306533108132	-122.4263662854988
37478	37.786056	-122.405374
39526	37.776621	-122.42425
10856	37.797417	-122.448344
10857	37.762549956776844	-122.42149404783852
10858	37.78510950100554	-122.40469515323639
17002	37.76650865413934	-122.42192542420246
2668	37.778797	-122.393761
4718	37.80005214262414	-122.4415345844675
2671	37.78195942880719	-122.39573121070862
12911	37.78164992591033	-122.39389926195145
2672	37.785295	-122.417834
2674	37.78231803581821	-122.39258226459295
12916	37.7716787662269	-122.42366750302257
2678	37.79864506413493	-122.42234020749613
2680	37.77217916288053	-122.42987791697635
72313	37.78520190842714	-122.4051612778455
2681	37.77192748345444	-122.4310290813446
2682	37.775936	-122.393676
39546	37.79641524223781	-122.39871154071758
39547	37.79610689116536	-122.40060335709056
2687	37.78739883665919	-122.42008566856384
19071	37.79080096356497	-122.42021649974792
2690	37.782134	-122.401069
31362	37.642149298226194	-122.40123395498789
2691	37.76423825297797	-122.42185352826489
4740	37.76571513	-122.466293
2693	37.78086556345002	-122.39105880260468
2698	37.77947007181946	-122.39816943501836
14990	37.76449374	-122.43315498333334
47762	37.7880488834872	-122.40332485780729
4756	37.79245632123354	-122.39333868026733
4757	37.78380793967112	-122.40230798721313
101012	37.786988208495984	-122.46688943890902
14999	37.767133785168355	-122.42862812144959
4760	37.77931196324254	-122.41477983342365
15000	37.76768278907947	-122.4285078048706
2713	37.80415466	-122.415284
23193	37.768279852798955	-122.45272553471209
2714	37.79110990063006	-122.40120076571911
4763	37.78441844686463	-122.40456640720367
21147	37.752940666211465	-122.40765035019247
101018	37.777175	-122.463999
2717	37.78838450100254	-122.42037266492844
21151	37.76026140939149	-122.41994619369507
33440	37.78527484428987	-122.40050554275513
4770	37.78736916053961	-122.40744709968567
4771	37.78448965	-122.4063157
10915	37.806445	-122.418657
4773	37.715161587799244	-122.5027084350586
8873	37.785944692784945	-122.40604162216187
60073	37.77675559	-122.41047712
15019	37.710491532299756	-122.46812219384462
19116	37.7977805076241	-122.3957633972168
47788	37.66547801795927	-122.44850635528564
15021	37.77332620700077	-122.45139307815961
19117	37.78023327406849	-122.41867346639401
86702	37.79799	-122.40185
8880	37.76187927251023	-122.42173185810451
15024	37.765329	-122.431629
8886	37.784856944122865	-122.4071082905674
19126	37.7908709	-122.3931469
8887	37.72466236662	-122.44937002658844
41655	37.756319	-122.473029
86712	37.790676947717806	-122.40467451903145
39610	37.790085	-122.434068
4795	37.778996	-122.419397
4797	37.783689229353435	-122.40304827690125
15038	37.76084383	-122.43433565
39620	37.785603409974904	-122.42111831903458
86724	37.783220472108596	-122.42973690096966
15046	37.77908269781649	-122.41587728261948
45767	37.77140742230799	-122.41427652658244
41673	37.78880860052732	-122.40430944844216
19146	37.79489803396326	-122.3956024646759
37581	37.75131705456264	-122.43497095625807
15054	37.760852	-122.43676364421844
47823	37.78638367530331	-122.45642978538078
49871	37.76586516639356	-122.40354611493278
58063	37.796324	-122.404601
15056	37.772050452986356	-122.42278397083282
41680	37.758114770244234	-122.41841076132413
4817	37.7694934927041	-122.48543500900269
15058	37.78515	-122.411303
33490	37.80677885795586	-122.4054267817034
15059	37.72666789	-122.476037
37587	37.73898802	-122.415247
39635	37.7815558028675	-122.42101907730103
15060	37.76132	-122.4351317
41684	37.75399356696707	-122.41861816011813
58069	37.78877664337584	-122.42181301116943
105175	37.772138	-122.444002
4824	37.805918649667305	-122.40514039993286
4826	37.79087769731506	-122.43112769761348
21211	37.79215110146844	-122.40151405334473
39643	37.78467064048952	-122.41775537844298
6877	37.77687094817176	-122.43827217531523
4831	37.78690159989067	-122.3941478085928
19167	37.788320662644715	-122.39941406129485
4832	37.78725740262541	-122.39388227626786
19168	37.7868117395802	-122.4130486690074
39648	37.76092721958969	-122.4345064547826
19169	37.79341842725227	-122.39306907935583
4836	37.78755853482698	-122.40750653872762
4838	37.78674840746755	-122.40813709522907
19174	37.7879989674317	-122.39852298816723
41702	37.762413	-122.435157
4840	37.78156	-122.396402
19177	37.79850110846591	-122.39658683538437
6891	37.785289944969335	-122.42002293049931
4844	37.782748	-122.407611
19180	37.761525	-122.42434462573107
2799	37.78261658819499	-122.38788843154907
2800	37.779291	-122.406878
19185	37.798631	-122.418848
6898	37.72100053142698	-122.44691848754883
6900	37.74146029928017	-122.38470440371246
2806	37.794966583638214	-122.42302044855002
4855	37.785385072940564	-122.43060529232025
4857	37.79060429269959	-122.38908598334135
6907	37.78504797811959	-122.4070076486654
19195	37.755201667847224	-122.42328037689437
19196	37.755298	-122.42148769239427
6910	37.776392	-122.408686
11006	37.78798014707408	-122.40070845700262
4863	37.75899257850096	-122.41901083404616
15103	37.738259528419704	-122.38084270896746
4865	37.75963095	-122.410067
19201	37.772016	-122.431185
15106	37.77628641647586	-122.42419481277466
19203	37.771203974969204	-122.40649985296507
6918	37.786141	-122.41893793
6919	37.80858030567975	-122.41001397371292
39687	37.76421450145982	-122.39930342844428
15112	37.758201	-122.388416
15113	37.76854362092148	-122.41528987884521
60171	37.777082	-122.412828
6926	37.77109824243092	-122.41324225110944
6927	37.76349142529405	-122.42180928458654
15119	37.79784231886069	-122.40569781620017
2833	37.78390969122026	-122.40183591842651
6930	37.72570190445349	-122.45015323162079
4884	37.784045359734506	-122.40756511688232
6933	37.76489493179778	-122.42010035824161
15125	37.78278461896373	-122.40767800622086
39701	37.764048610296	-122.45728119162965
4886	37.779383	-122.417797
6934	37.7528095950639	-122.41196125745773
6935	37.77011714661275	-122.4457810937172
11032	37.72214430757358	-122.47747526545355
15128	37.772444802174704	-122.46019542217255
4889	37.78417747387677	-122.40490683601921
2844	37.785828234206285	-122.41311504005402
19228	37.80663069443297	-122.40468978881836
4894	37.784197986515366	-122.40589141845703
21278	37.775835520768936	-122.39346184871675
21280	37.79419859325133	-122.39477634429932
86817	37.78664331410573	-122.39808092770018
4898	37.799453487928524	-122.41029976466993
6947	37.793793320327836	-122.39285333218187
4901	37.77687496260611	-122.39327929412565
6949	37.75206982929254	-122.41871771139375
15141	37.76700253951794	-122.42194754601947
4904	37.79433000382966	-122.39476025104523
15144	37.790039	-122.434055
21288	37.76732233927271	-122.49502658843994
6954	37.77171363	-122.414283
15149	37.776428	-122.426486
9006	37.78703000404086	-122.43352890014648
19251	37.798696093367674	-122.40728616714478
19253	37.76103002170905	-122.43330648311392
19254	37.78403665185984	-122.41774984776832
19259	37.783722	-122.403222
19262	37.760840032248524	-122.42156041354832
19263	37.785404576679575	-122.42860047093774
9025	37.769445700000006	-122.51036355
4932	37.80020932826012	-122.44014322757721
15173	37.77000079786842	-122.44813650509226
15175	37.781097229965205	-122.4638489497996
4937	37.78796853608995	-122.42705203064382
21321	37.77115573896415	-122.42393463850023
9036	37.79172623618031	-122.41324225110944
21324	37.77554512023926	-122.437944
4942	37.78709639552427	-122.41044910337239
9038	37.761602524267225	-122.42261119836292
19279	37.757654786109924	-122.38832203
21332	37.779389802632586	-122.42344628826702
19286	37.78005999334045	-122.4799633026123
19287	37.77827	-122.438591
4952	37.78452955922038	-122.40648325916295
4953	37.791153821389	-122.41299335976989
50009	37.778355	-122.392204
4954	37.792261319862405	-122.40963578224182
9051	37.77494821103535	-122.43765838868448
23387	37.78716142736885	-122.39767849445343
21341	37.76945956892194	-122.431640625
23389	37.790006	-122.39116187
23392	37.80213791603289	-122.43307828903198
17251	37.78780227361083	-122.42175951042609
4964	37.727382106182766	-122.47616529464722
4966	37.727845937944885	-122.47692242546219
17255	37.77940705112572	-122.41826713085175
15212	37.78297272374457	-122.38888621330263
4976	37.79763596510826	-122.4063671024748
4979	37.799073	-122.4415521
17268	37.764195715609915	-122.38682329641854
4982	37.795714	-122.393626
4983	37.787555695950466	-122.4081015586853
21370	37.773536	-122.42211
4990	37.79672926555357	-122.40023732185364
72575	37.746765	-122.405498
4991	37.797685	-122.409105
4992	37.78737017042157	-122.43370463191788
21377	37.761594	-122.42427
4994	37.787424273323644	-122.406787276268
4995	37.78436333183897	-122.40622401237488
4997	37.78738130596573	-122.39894387087647
21381	37.781561	-122.432356
4999	37.786046441392266	-122.40929245948792
5000	37.78109875315899	-122.39961504936218
5001	37.78315555661277	-122.39646565606623
17291	37.788557	-122.413769
909	37.79206	-122.40132
911	37.76746630690064	-122.40661600950655
17295	37.78830541267099	-122.42027180518197
5009	37.7858486404133	-122.43502072415126
50066	37.7898	-122.434101
5011	37.788598589799385	-122.40668267011642
17300	37.733207358895804	-122.50324487686157
52117	37.76673	-122.429026
52119	37.7685306	-122.42909617
5016	37.778021	-122.393914
19353	37.803601	-122.401868
5018	37.79235252013811	-122.41054313133543
5019	37.797853403915454	-122.42872766323192
21403	37.764781242217055	-122.42290984054867
5020	37.781815	-122.398757
17308	37.804990022994254	-122.40255045420237
21405	37.77706474942831	-122.42152723069869
21406	37.781649	-122.392192
80803	37.7298386961599	-122.46943563222885
23460	37.74662949942843	-122.43875324881071
15270	37.786251	-122.402536
80814	37.806229	-122.43153
21424	37.752163420695425	-122.42097418166016
21425	37.7976921554458	-122.43051386916126
11186	37.78121322783782	-122.40297317504883
80818	37.76425268807979	-122.47102989004696
80821	37.764174	-122.465117
11189	37.763874	-122.468966
46008	37.78879464262488	-122.40433710534938
11195	37.78504060786122	-122.40022256970406
21435	37.78760313116513	-122.39911535233132
11196	37.782526	-122.392764
21436	37.7451723800141	-122.42026074409752
21439	37.77225381088096	-122.42986132686775
80830	37.785367069504794	-122.43096732836449
21440	37.75634344002369	-122.42106266970211
961	37.788556196027486	-122.40427136421204
964	37.7948386877357	-122.39569365978241
5060	37.746063854353984	-122.42710180229444
965	37.78700220936606	-122.41015595682995
31686	37.74995410171507	-122.42054833191528
21447	37.77082080965625	-122.41501765889433
11211	37.79801823826032	-122.422036033241
5068	37.78800666332245	-122.44052513000001
5070	37.77322661460681	-122.44045634183084
80847	37.796223	-122.421767
15315	37.79766629085584	-122.43065764912087
980	37.78924297213801	-122.40164279937744
5077	37.78629773890162	-122.40451964075442
21461	37.76948381616614	-122.451614233948
5080	37.788384469107946	-122.40747335143854
21464	37.7767749996475	-122.42420947720339
80857	37.764219	-122.464667
3033	37.784343551253414	-122.4105707866027
5081	37.788534999132416	-122.40770995616913
3034	37.783275899330974	-122.44051716606971
5082	37.78491381929122	-122.40792137895684
78811	37.77126604615855	-122.40944797690268
987	37.77127870977956	-122.4018520116806
5083	37.76504576806311	-122.4183139750801
988	37.770438	-122.403511
5084	37.768229821312126	-122.45386004447937
3037	37.764466	-122.421841
68572	37.795237154349074	-122.39294171333313
3038	37.790359	-122.40404
3039	37.767305376885574	-122.42940902709961
3040	37.767702	-122.429301
5088	37.76885675	-122.4129989
993	37.787873652951795	-122.40122437477112
5089	37.77158024917302	-122.42277711079323
3043	37.763555	-122.434203
3044	37.760987	-122.43579584960703
3045	37.78515613632832	-122.40374565124512
99300	37.79672746931671	-122.42391636906534
3046	37.77206	-122.4317
5094	37.79164903853911	-122.41052100711642
3047	37.771933843952475	-122.43035048246384
11241	37.779870124139386	-122.38989367887922
3050	37.775054	-122.4378214
11242	37.78754721707836	-122.38749146461487
15338	37.800662354976964	-122.40805412748445
3052	37.772262468940454	-122.43739128112793
5100	37.78683498834927	-122.40621864795685
3053	37.76257963	-122.43504
3054	37.771007	-122.412694
1007	37.78821262824169	-122.40138330656772
3056	37.78605961581829	-122.40162116234973
1009	37.78761481615736	-122.40047059915678
3057	37.76145030454691	-122.42584644345114
3058	37.765074	-122.4210985
3059	37.75757241340744	-122.41042144807314
3060	37.76296711864107	-122.43435770273209
1013	37.75980757783538	-122.41914356856302
3061	37.76117740096402	-122.43451751436545
3062	37.760848	-122.43549627
89079	37.78643019426522	-122.44855671375983
1015	37.78020732852964	-122.48563349246979
3063	37.764353	-122.433365
1016	37.78684	-122.42158
3064	37.7678448526381	-122.42902075793148
1017	37.78621178258041	-122.40875601768494
3065	37.752404	-122.418815
15353	37.80050016930991	-122.40927651229669
17401	37.781883	-122.3955488204956
1018	37.787750172585	-122.40762822536455
31738	37.79828488826752	-122.44717597961426
1019	37.7844481241691	-122.40364372730255
3067	37.784959	-122.396221
1021	37.78892169510437	-122.40668654904954
3069	37.79964703087419	-122.40839152923758
15357	37.78527484428987	-122.400481402874
3070	37.794889555933665	-122.39959359169006
3071	37.77241936035508	-122.4230307340622
31744	37.797296	-122.403109
3073	37.77732946934459	-122.42300391197205
3074	37.77634577760317	-122.42619037628175
7171	37.75663561564448	-122.41913803796149
5124	37.72671495442409	-122.4773148808363
3077	37.775841	-122.438353
117764	37.79034409700952	-122.40098503521685
3078	37.771393199665255	-122.43505239486694
3079	37.78516067956727	-122.4325710098204
3080	37.7880559476822	-122.4054729938507
3081	37.76419695376285	-122.43259012699127
3083	37.77060725105887	-122.41079202847862
3084	37.78534267732514	-122.40393340587616
25612	37.784584	-122.4330742
25616	37.75893843921718	-122.43795145842498
3090	37.78935319486997	-122.40571975708008
25618	37.78621135	-122.433226
3091	37.78613945413199	-122.40506724506838
3092	37.7720479	-122.43715
25620	37.79411229669203	-122.40474642672537
25622	37.782096	-122.4326
7191	37.784554114444994	-122.40172863006592
7192	37.78913716119596	-122.43440691848443
25624	37.78770667611159	-122.4335774456587
7193	37.780878	-122.40566371
3098	37.77312679815698	-122.43748144051996
7198	37.7877166	-122.4136389
3103	37.78952334893584	-122.40580291102114
25631	37.78611542942157	-122.42987791697635
72734	37.788499	-122.405281
3105	37.770223	-122.445354
25633	37.798105462487946	-122.40635603992635
3106	37.788325692943566	-122.40004466632152
7202	37.77603201110472	-122.42610991001129
3107	37.785552535383744	-122.42160379886627
31780	37.79754468436809	-122.43096179838602
5157	37.79274675167591	-122.39218395993066
7205	37.787416675635974	-122.43354426660919
31782	37.79995503586211	-122.44233081806225
3111	37.76089838543789	-122.43390923557634
5159	37.77834706771675	-122.38949775695801
3112	37.789259	-122.403715
5160	37.79762194655044	-122.43258759950041
17448	37.765037	-122.39646077156067
17449	37.76246666908264	-122.39733
5162	37.787429012530836	-122.40986700099887
3115	37.76524912923089	-122.45002190184468
5163	37.8002835	-122.43594656666667
7211	37.79729727723978	-122.39536643028259
7212	37.787294	-122.397454
15404	37.78834737007855	-122.40393331378218
17452	37.75584903487625	-122.4187508951313
15405	37.789031004883654	-122.40735054016113
17453	37.73961925	-122.39023187
25647	37.787389	-122.433553
7216	37.78099108	-122.408667
17456	37.75263781812255	-122.41303207623922
17457	37.75882991276773	-122.41580856298226
58418	37.72721492	-122.4769552
7219	37.79575515573635	-122.4033912349938
7221	37.78200606611766	-122.40631520748138
17462	37.76271582791934	-122.41963579093161
7224	37.78303039321439	-122.46254427645594
17464	37.782454	-122.417657
7226	37.78615666889213	-122.4130368232727
5179	37.770705	-122.425144
7228	37.76492032314298	-122.42412099181402
117821	37.77610833280799	-122.48966217041016
5181	37.77657923955352	-122.42464637272006
5183	37.779319	-122.398053
5186	37.797157394170185	-122.39676117897034
5187	37.79481325362357	-122.39297389984131
56387	37.780907	-122.464706
5188	37.807410545108375	-122.43121147155762
7237	37.796948898272994	-122.39971276941027
29766	37.76032100616723	-122.41891088499486
5191	37.78308196698057	-122.46164868618037
17479	37.77310094476415	-122.42177057135265
5193	37.78241695	-122.392824
31817	37.78532571907215	-122.405526638031
7242	37.782091453626144	-122.40985727837969
9291	37.78267	-122.40629
17484	37.752489	-122.4144222
19532	37.764281769224375	-122.43051946163177
3149	37.78533895584412	-122.4329138626742
7245	37.781505773433786	-122.40517795085907
17485	37.75272884192397	-122.41118473166134
29774	37.80666580547457	-122.4385597137619
17487	37.782438	-122.417614
19536	37.775760587119024	-122.49447092431029
5201	37.792861	-122.392363
7249	37.78134828678804	-122.40622882053584
19537	37.75287	-122.40844299
5202	37.78676743395702	-122.41129098769498
7250	37.78708290913201	-122.4103993238285
7252	37.78812285826389	-122.41182632807003
7255	37.78974132232373	-122.40705850944128
56408	37.802764177321286	-122.403095
7258	37.77017196507861	-122.4462103843689
19546	37.7572	-122.416737
19547	37.75541378624299	-122.42067575454712
7264	37.779074	-122.39301085
113761	37.758114770244234	-122.41841076132413
113760	37.773988	-122.41641912
7268	37.77748360330802	-122.3953426957653
7270	37.781683	-122.394115
19560	37.78413015242947	-122.40134239196777
31848	37.76330214471808	-122.45777606964111
19570	37.764782178467456	-122.43216633796692
19571	37.785814	-122.414203
1141	37.777282	-122.463686
19573	37.787347	-122.44677455
1142	37.75899052619934	-122.412598
17526	37.78661285	-122.421011
19574	37.7791647096681	-122.3977711515003
1143	37.78179831787191	-122.40988790988922
17527	37.7848676364958	-122.40862383801183
19578	37.77725115249768	-122.40370652605763
27770	37.78730034539873	-122.4472242041547
21627	37.7861518994364	-122.4079205095768
19581	37.77669558327816	-122.42471247911453
19582	37.79653427546028	-122.40438938140869
5248	37.78252085	-122.39299676
76930	37.792969	-122.416182
19590	37.76406938429144	-122.46477216220397
5255	37.80014930184792	-122.43523638474873
19592	37.78896568061761	-122.40844684089706
7309	37.78557949000441	-122.39972936428067
5262	37.786148189859496	-122.40511894226074
7311	37.795812	-122.404997
7312	37.777814	-122.423098
21650	37.770883701298075	-122.40734060217753
19604	37.770963	-122.414943
5269	37.7825233143151	-122.41039216518402
7319	37.76803716631416	-122.42446940260332
68761	37.791469593251215	-122.39509376205638
5273	37.791704	-122.420935
7322	37.79003996357318	-122.39006638526917
68763	37.79246611193863	-122.39825794226209
7323	37.760512	-122.421782
5276	37.790082356493826	-122.38962650299072
7324	37.77176146	-122.404159
5277	37.79047213321189	-122.42233467706303
7325	37.760344	-122.417205
7326	37.76510698433835	-122.41814252494312
7327	37.750641	-122.4182317620419
7328	37.782113	-122.48443298
21664	37.742693	-122.487123
29856	37.78633656645211	-122.40213559278271
13472	37.785359635574224	-122.40169644355774
7329	37.78317231	-122.433099
29857	37.78678599338037	-122.40107354009182
7330	37.777391	-122.44179
25762	37.79793523514067	-122.42919219030071
7331	37.76495399898919	-122.4222130074603
21667	37.782892169425196	-122.43176937103271
7333	37.80666460115532	-122.43221998214722
25765	37.784127	-122.395077
25766	37.765108	-122.399782
21672	37.80024236293376	-122.43447327602703
7339	37.784282779035216	-122.4022650718689
21675	37.786005	-122.41872659999999
7340	37.784757615348575	-122.40434646606445
7341	37.782741	-122.388024
17581	37.77753826846818	-122.43828323450084
50352	37.769298430744264	-122.42903351783752
25777	37.78885214479075	-122.43384840750338
50354	37.776855	-122.417336
25779	37.77200941074344	-122.43173046259795
19637	37.756992	-122.421117
29877	37.790065399328476	-122.393639087677
50357	37.735799512655156	-122.48270988464355
19639	37.76789034	-122.429016
44215	37.78443328391916	-122.40916035869498
25784	37.78407801	-122.397485
19641	37.78187463362188	-122.38920003175735
19644	37.7522184	-122.4192471
31933	37.746123	-122.408851
21694	37.79146005570469	-122.40368440039978
31934	37.747275	-122.408169
74942	37.75402526513041	-122.41668795284355
31938	37.74313662049018	-122.41511721358262
19651	37.764212	-122.46593804
25796	37.778763285378716	-122.39384908468016
31940	37.78274601807393	-122.41570900894914
117957	37.71813983065673	-122.48634923789952
25797	37.78807983	-122.44067875
33989	37.8002616480646	-122.44019645604895
33990	37.7907303335092	-122.39134308958371
50374	37.76695655430619	-122.42988344701199
25801	37.77199075721805	-122.43135442613334
17610	37.78698133357555	-122.41049888289272
25802	37.788060515893264	-122.44077705105632
17611	37.759787	-122.43493974208832
17612	37.7650683	-122.431834
15565	37.61375548561097	-122.38851070404053
25805	37.743114	-122.421359
74959	37.77163642636676	-122.40260023746278
19663	37.800417024747446	-122.4376916885376
17616	37.7644124017602	-122.42180928458654
19664	37.80398592212445	-122.46794700622559
70865	37.76655246860801	-122.40205815180316
19665	37.76346541637018	-122.48118102550507
34001	37.799966	-122.41250038146973
19666	37.76433885097504	-122.430836
17619	37.787718	-122.411656
19667	37.78649017072924	-122.41433183514444
34004	37.801101612575415	-122.44876128842193
113877	37.7543164153342	-122.47819375442329
17621	37.76084466049894	-122.43514237890182
17622	37.76421988420118	-122.43342261000456
31958	37.746917	-122.427069
31960	37.75285167	-122.40827
17625	37.7969491481781	-122.422054
17626	37.797744	-122.43195
29914	37.78642855631169	-122.40277171295706
17627	37.7608761	-122.436933
17629	37.785329958635764	-122.40614354610443
17630	37.78694097520201	-122.44012713432312
17631	37.78913698858683	-122.4072003364563
105694	37.773618	-122.428097
19681	37.769018558337955	-122.48339653015137
19685	37.78327944607125	-122.44760018368562
117991	37.769579	-122.422332
56551	37.79647119887215	-122.42202497234238
19689	37.80702909743741	-122.41918444633484
31978	37.74306701210999	-122.42217429437534
19691	37.761181700917085	-122.43488609790802
34027	37.764961	-122.423216
34030	37.79926722423079	-122.41045463443139
19695	37.781503429925344	-122.39605630246757
19696	37.78268825237509	-122.3881178469651
34032	37.797204	-122.435229
19697	37.78338397337526	-122.40348815917969
17656	37.78747225395175	-122.40992365144201
17657	37.80043601989746	-122.409428
19705	37.77851666608359	-122.51399517059326
17663	37.76019215583801	-122.435009
17668	37.7900145278091	-122.39417552947998
17676	37.78459490712344	-122.3885106347964
115981	37.796075	-122.423575
17677	37.784442	-122.401456
17678	37.798349261283875	-122.422408
17679	37.80802198610925	-122.43015994842109
115982	37.792747478621	-122.42973690096966
115984	37.78890592667637	-122.41064269026349
17685	37.806858189376705	-122.44658835334717
13589	37.61593963841623	-122.39242672920227
79127	37.764035	-122.466737
17688	37.75384	-122.41953022
70937	37.77973568743295	-122.44106181790796
17691	37.77987237292921	-122.41195907166548
40220	37.763176	-122.424055
17693	37.77116769819619	-122.40774438065927
27936	37.79737252290187	-122.40326954345318
40227	37.801226068129644	-122.42572477791916
3364	37.77840924430391	-122.41733504634118
29989	37.791647999999995	-122.393618
62760	37.807532972216706	-122.40878424138964
95531	37.77624986697748	-122.45238551110403
95533	37.77870004901331	-122.41591917846394
79148	37.753142128598896	-122.50468914649228
95532	37.78014479060752	-122.41228580474854
40238	37.77049321546259	-122.4069921345698
56628	37.78037637620208	-122.39551971493341
56630	37.800267311325115	-122.43646398277755
62776	37.8077157018265	-122.40829467773438
95544	37.780110648761976	-122.41213606286529
38209	37.79986037865394	-122.40916035869498
68935	37.786404	-122.399318
56647	37.79567776823528	-122.40352398924117
34120	37.802449	-122.44847416877747
56653	37.7824	-122.400359
34127	37.798088	-122.427673
19793	37.744019	-122.421996
34140	37.79905	-122.43586
52572	37.79330414729876	-122.44648933410645
34150	37.77531981468201	-122.458313
19817	37.7882075112234	-122.40097950365971
7531	37.7796553710573	-122.3951933356106
34157	37.7936263549892	-122.39316312285737
36206	37.76044470473665	-122.43720495841487
19826	37.77879420764139	-122.39404823404944
7539	37.77954025152654	-122.42102395619293
7540	37.77215237179295	-122.43105027800665
7541	37.77228007	-122.422949
9592	37.798176	-122.42236417
7545	37.75521357041184	-122.42298726616184
9593	37.628208439168475	-122.40098503521685
7547	37.736117	-122.47899
7548	37.760419094736704	-122.5090215028068
19836	37.77405558466515	-122.4240656884078
34172	37.798876626811364	-122.43584465583885
40316	37.7639417068072	-122.46601047023418
7549	37.76871324177751	-122.49133586883545
13693	37.7840707975532	-122.39455103874207
13695	37.755311	-122.41941301
19839	37.790866296211675	-122.42004505271723
13696	37.77868773055221	-122.41268915844309
11648	37.791293	-122.42079626666667
19840	37.793148798371554	-122.42122858457974
7553	37.76359345829258	-122.46615972958666
36226	37.789571	-122.402743
7555	37.7795342481134	-122.41756439208984
7556	37.75605845785268	-122.41915225982666
13700	37.7650568100571	-122.4225780158454
19844	37.75722531424468	-122.42108479170093
13703	37.76942877338418	-122.45259284270378
19847	37.78409825417995	-122.40750653872762
3463	37.805935603193895	-122.42253720760345
36231	37.76446754932103	-122.43259865928565
48519	37.767118790370326	-122.42983818054199
3464	37.76942428571429	-122.451203
13705	37.739874	-122.466643
19849	37.775773533333336	-122.408951
38281	37.78560552974875	-122.40571975708008
62857	37.78415768	-122.48190623333333
13706	37.781840715520495	-122.4040675163269
3468	37.789526	-122.420881
13708	37.78172200204317	-122.4323245882988
7566	37.764953866666666	-122.39793
13710	37.77742	-122.438396
19854	37.78420898	-122.417842
3471	37.7886	-122.421868
3472	37.79143420052762	-122.42093546811836
7568	37.783511422363844	-122.40873446105722
13712	37.767054	-122.41096
3475	37.789912784665255	-122.4235725402832
79250	37.798226	-122.435571
3476	37.79308583301702	-122.4211049079895
79252	37.76039148	-122.41879456
13718	37.80687093208493	-122.4227162762659
7575	37.764352	-122.43136086666667
13719	37.7670667219393	-122.45577740447652
19863	37.769861	-122.402432
7577	37.7665077491252	-122.43039773905001
56730	38.30814599990845	-122.30626881122589
60828	37.789859757943525	-122.39003198228842
77212	37.7803575875022	-122.48091324093062
13728	37.781241524822384	-122.40575312927692
13730	37.78014339780574	-122.48193026646658
3492	37.796083	-122.42188095
3493	37.79156615539312	-122.42090781557978
9638	37.79764769243614	-122.43126041680651
3495	37.79106586542567	-122.43829250335693
9639	37.788952695852615	-122.44053375449236
3497	37.79732740076481	-122.42205262458674
13739	37.751431	-122.43202673333333
19883	37.787161957301144	-122.40313410758972
44459	37.77548553332349	-122.39808092770018
3502	37.79152370132501	-122.4276065826416
13743	37.799391	-122.40745
19887	37.77383856184572	-122.41748437504367
13751	37.776407	-122.42325067520142
73142	37.64092097847931	-122.40731294606039
13753	37.78728058931762	-122.39447972305696
9662	37.784757366619	-122.40666025958384
19902	37.788349000038764	-122.4124126110181
36286	37.79055621978075	-122.390120496375
120255	37.77715350820557	-122.40756779909134
13759	37.756136	-122.418687
36287	37.79247009907089	-122.40361802339832
13761	37.7830453375903	-122.46071991779453
19905	37.78584976159256	-122.42835161600313
9667	37.75990423297375	-122.4476665328745
9669	37.80026	-122.433122
13765	37.75537985600265	-122.42063283920288
19909	37.77117339	-122.41330308333333
9670	37.80319331967029	-122.45855391025543
19910	37.79843315	-122.407221
81351	37.76084100873183	-122.43598289877626
9671	37.805104875814145	-122.44876384735107
9672	37.783749	-122.48286803
19912	37.76142131411304	-122.42400974035263
19913	37.78796801307604	-122.39703542937043
19915	37.775919	-122.445955
9677	37.78555979757354	-122.39967404803575
19917	37.79537416092269	-122.40647219662674
13774	37.775117922435165	-122.44445407806671
9684	37.78217260167517	-122.47826561168509
13782	37.77278498800745	-122.44587509002154
9687	37.79540709338777	-122.39572992480882
19927	37.77717470836501	-122.41258352994919
13784	37.80010294287476	-122.45447263046725
15833	37.780726	-122.47492
19929	37.782017	-122.485761
13786	37.82664990419708	-122.42161989212036
19930	37.76490999691162	-122.42158806591505
64987	37.78853	-122.414058
34269	37.77698559088916	-122.42261119836292
3551	37.7861235	-122.440072
9698	37.78680223524854	-122.41249557532203
114147	37.79623152485433	-122.41841076132413
9699	37.79008	-122.417279
13798	37.782003984846526	-122.44905985613045
13799	37.790095503396905	-122.40391118817203
3560	37.79665795243276	-122.42211345949866
3562	37.807766561156924	-122.41843342781067
13802	37.77737268012564	-122.39515461257294
3563	37.8045623549303	-122.43288516998291
3564	37.790912	-122.42078
13804	37.76516324798836	-122.46631451683825
19948	37.7875653	-122.420459
38380	37.787479645903915	-122.43354426660919
3565	37.79086	-122.43426
13805	37.787077875127046	-122.39729542198901
13806	37.79938	-122.441071
9711	37.75874867415543	-122.41924311934055
9712	37.789273446343564	-122.4013501173461
69105	37.789877664329836	-122.40251173387243
3569	37.80019083869483	-122.43791275114773
19953	37.764269	-122.462833
19954	37.783603	-122.398495
3571	37.782405	-122.47879385948181
19955	37.718556378467035	-122.41730690002441
112116	37.788492	-122.405262
9718	37.7947878195027	-122.39455103874207
34295	37.782421968545634	-122.40695341587545
17913	37.786137	-122.402377
19961	37.76453	-122.43259012699127
9725	37.76948218409519	-122.50990563501308
17917	37.78353144745567	-122.40917695207449
9726	37.77965585561906	-122.39468993500961
19966	37.790063758705685	-122.39942512457351
3585	37.78659910293564	-122.40281596465213
3586	37.795568127007826	-122.40270533537952
17922	37.77190204145678	-122.40378856658936
89603	37.76959663114491	-122.46671254014709
17924	37.7810902735461	-122.3952966928482
19974	37.80031075830125	-122.40751760115496
89606	37.78413944868516	-122.39575481805574
75272	37.787789246194805	-122.3993089600896
110091	37.80452844724273	-122.4012565612793
19979	37.7882383	-122.3993006
19980	37.798687522681085	-122.4358004180604
19986	37.760958	-122.43367583138635
19987	37.78660605622855	-122.39831686019897
19989	37.7837810580176	-122.41910485434626
75284	37.78628385426457	-122.3992395401001
17948	37.78957363984066	-122.38885939121246
44581	37.730508	-122.441211
65062	37.79059106964472	-122.39739418029785
65063	37.79068273609846	-122.39732861248983
3624	37.7889901028246	-122.39820815694664
65064	37.790828377985214	-122.39788731768213
112169	37.798198	-122.403104
50729	37.76764584260856	-122.41841076132413
3626	37.78167112478022	-122.40177154541016
3627	37.785758153307654	-122.40112781524657
3628	37.79347	-122.39797
20012	37.76344203243604	-122.4294133929439
3629	37.79602560322911	-122.39416480064392
3632	37.788395419304905	-122.41513380602152
3633	37.786556	-122.414502
24117	37.778676627176424	-122.39678096788764
15929	37.7903451920591	-122.40459322929382
15931	37.803836	-122.41545081138611
15935	37.795338890161254	-122.39981889724731
87614	37.760678504319884	-122.44106181790796
17985	37.77863538470886	-122.39325284957886
112192	37.79014679951638	-122.40012210878346
50755	37.756397756443526	-122.40340232849121
50759	37.782374	-122.420767
15944	37.80035912206223	-122.4399642171454
17993	37.775124624817906	-122.3987030982971
17995	37.79947602782782	-122.43738859891891
67146	37.739676	-122.467313
36428	37.7888529519201	-122.40193247795105
17997	37.752851	-122.409587
24141	37.73712313063583	-122.41996765136719
20047	37.76674697758594	-122.42904287825291
48725	37.78931901304444	-122.42038241596269
18006	37.752161416643325	-122.42034923274073
3671	37.78856380316849	-122.39782646874575
18007	37.733718	-122.433957
3673	37.788905295638614	-122.41154977837421
89688	37.780161	-122.390363
3674	37.78306242055963	-122.39236651642128
3675	37.787352202751634	-122.40740954875946
18011	37.78978	-122.420707
3677	37.78814703547501	-122.40125608116124
3678	37.79779435	-122.400461
3680	37.79340428203235	-122.42279370202185
69217	37.775755	-122.412014
3681	37.773426426031065	-122.43900207906267
13921	37.761571942480764	-122.43513684914346
13922	37.76067018085379	-122.43498754555843
13923	37.77851666608359	-122.41825103759766
18019	37.758844	-122.414756
13924	37.76095929485246	-122.43513684914346
15972	37.78841937692513	-122.39806433256973
3685	37.80719862997888	-122.47566103935242
13925	37.763586	-122.433912
18021	37.752603	-122.41378448333333
30310	37.7985943621788	-122.45987892150879
3688	37.77078258489315	-122.46798992156982
3689	37.7697648824009	-122.46631622314455
3690	37.7993397561378	-122.39729542198901
18028	37.73914	-122.4177
3693	37.78653398485857	-122.40192174911499
18030	37.781583	-122.396171
3697	37.793240582761165	-122.39211204365047
91764	37.795214	-122.397306
20086	37.75148067978316	-122.43164198355109
20087	37.73603708685573	-122.4102258682251
30328	37.79889988161388	-122.43609349299497
1658	37.8034	-122.400815
1659	37.8067038513606	-122.42074743071228
67194	37.784554114444994	-122.40657806396484
20092	37.72885419314639	-122.44003057117035
15999	37.76313646729909	-122.43445115685084
11904	37.8007578222182	-122.40980749855548
20097	37.782960004647364	-122.46485710144043
77442	37.784842	-122.401337
79490	37.72254908670265	-122.44106181790796
20103	37.751526	-122.429063
79499	37.76175846764949	-122.43503093719482
16011	37.80076629843693	-122.43670175911242
11919	37.79432152573488	-122.40037679672241
20112	37.767528007907075	-122.42929637432098
48786	37.79397586661984	-122.39893280754721
20119	37.767763359972506	-122.4692130088806
20123	37.79228675485302	-122.42114782333373
20124	37.785548103826336	-122.43992551061145
38561	37.77489565642512	-122.42264449596405
20136	37.76317491980427	-122.41525769233704
20137	37.796142971689086	-122.40596884999826
118449	37.770428	-122.421778
16050	37.761524	-122.4097674
52918	37.764436	-122.433213
77494	37.772015	-122.416957
24248	37.755361	-122.42091178894043
20166	37.79048084875924	-122.4054729938507
20167	37.657018648242655	-122.40494728088379
50892	37.79168819674437	-122.41231305376692
34509	37.79722145308564	-122.40070292543093
20178	37.76630670948571	-122.40254938602448
20179	37.766660874860186	-122.3992868335067
1749	37.808428	-122.414738
14037	37.78530028168537	-122.43000984191895
83668	37.797917	-122.430527
20182	37.7795394544307	-122.39342865699648
16089	37.793233256665694	-122.39908216239414
11994	37.79227026577922	-122.41215818674429
16090	37.7678319	-122.3941862
34522	37.79568705886213	-122.40197517926173
14044	37.78956940052053	-122.39043116569519
1758	37.77329285782031	-122.42223680019379
36574	37.79130241829155	-122.39861197049242
34529	37.79201335495857	-122.41004533528069
1763	37.81700118722001	-122.47821718454361
24293	37.7547631	-122.420864
14054	37.782429083333334	-122.388209
12008	37.77244399498879	-122.42211345949866
14057	37.771664582389825	-122.40423917770386
24297	37.77695199611865	-122.40606841325882
77544	37.773435	-122.41833136
14058	37.775904808090836	-122.39391803741455
36587	37.74238342971332	-122.42794990539551
40685	37.6544025034371	-122.38194465637207
12014	37.8056447	-122.4223745
40686	37.65205808757555	-122.38198757171631
85742	37.724636908367565	-122.49355673789978
1777	37.74413536569657	-122.42281347513199
3825	37.800208623991864	-122.41065375236074
42740	37.785809027757246	-122.4045181274414
40694	37.75780720862629	-122.39008177147129
36600	37.746123	-122.426864
34556	37.79675581596433	-122.4002050827866
14080	37.7845604738567	-122.50067263841629
24320	37.76491004578408	-122.42363985120363
40704	37.75140996233605	-122.43286962365929
14081	37.79771807744478	-122.40084674620063
24321	37.7751709	-122.4100535
34565	37.79267887651738	-122.40652978420258
24326	37.7579563893521	-122.38887816667557
24327	37.76880225358186	-122.41328096748707
112390	37.788624026050876	-122.3952054977417
24328	37.768679	-122.414758
14089	37.78315503056424	-122.51118555665016
34569	37.760402	-122.414771
24330	37.784104714631205	-122.40405678749084
14091	37.80737663872853	-122.43039608001709
40715	37.74704951117315	-122.41221070289612
24332	37.775370050020406	-122.40987387164922
40716	37.764126117213415	-122.42186458918155
24333	37.76953780861312	-122.40683725970675
36622	37.77916113632894	-122.41962432861328
14095	37.785608295771446	-122.41075331118397
40719	37.73895579338813	-122.4171781539917
24339	37.762667900000004	-122.396107
7956	37.798119	-122.435711
14100	37.789111	-122.40187346935272
24340	37.7708607	-122.402995
7957	37.79711855063148	-122.40123948653165
7958	37.79188194335464	-122.40676535344275
12054	37.7981847974544	-122.40738485194984
24342	37.77270460117183	-122.40456389171399
89879	37.794752	-122.410566
7961	37.80598646375031	-122.43168354034424
7962	37.787193	-122.44738138333334
3867	37.61708693033655	-122.3825454711914
7963	37.800587	-122.438143
12060	37.799057	-122.40841831
14108	37.79870454103997	-122.43585571528055
40732	37.746673509999994	-122.413982
7968	37.797784746473134	-122.4284702539444
12064	37.796072	-122.395988
7970	37.794940424096616	-122.39297389984131
34594	37.801964441643776	-122.40160456777774
3875	37.78716566682713	-122.38748610019684
7973	37.77397378634543	-122.42410440079519
7975	37.773532	-122.425698
34599	37.796796780445604	-122.421953076473
7976	37.76794146374031	-122.39283442497253
7977	37.76147008484545	-122.41945266723633
20266	37.8014819277165	-122.40940372799886
7980	37.806139045209385	-122.43122220039368
34604	37.79800432794112	-122.40505065104014
7982	37.770526452919725	-122.404149038237
14127	37.78156301048017	-122.394357919693
3891	37.7895960330791	-122.39506057085072
12083	37.636103901431824	-122.40076303482056
3892	37.79158079458484	-122.41053760028113
26426	37.788298	-122.408326
3901	37.794993658828865	-122.40038762536311
81724	37.743242050747064	-122.49766802579136
3903	37.80004994254537	-122.4395771511625
14143	37.77815047916161	-122.40571994143437
12096	37.788911608086934	-122.43427420327322
38722	37.787112973485016	-122.41023892291548
26435	37.7941342744759	-122.40158797320314
3908	37.78021262835114	-122.39134311676025
38724	37.78911579185835	-122.40852534770966
14152	37.787122844466104	-122.44687586897304
40776	37.75165334669796	-122.42964565521723
1865	37.76257059847508	-122.43520259857178
1867	37.793982401146145	-122.40747928619385
40779	37.76467	-122.40351304
98124	37.78783978	-122.403211
30542	37.80842772926478	-122.41284370422362
30543	37.75956289282515	-122.42154382212482
98126	37.71813983065673	-122.48634923789952
3922	37.772918	-122.415449
3923	37.771362	-122.412966
3924	37.771468640899734	-122.41328649839697
14164	37.77631185696482	-122.4347734451294
30549	37.82175577	-122.374898
14170	37.784919196285855	-122.41892787488793
44894	37.769427	-122.4530017375946
98142	37.72704267456247	-122.45181083679199
8036	37.797677287828435	-122.40646666535821
48997	37.7738356083287	-122.41962432861328
24428	37.725187169016124	-122.44391220850926
26481	37.751522	-122.432482
6003	37.776265974104206	-122.42053727085994
6004	37.786937739890966	-122.41275552971678
40820	37.751466	-122.433093
6005	37.804918384709836	-122.46861219406128
6006	37.78314655118724	-122.41819739341734
36729	37.784350612981044	-122.40726470947266
3963	37.798682710638104	-122.40722444643663
3966	37.78148033473228	-122.3989337682724
36739	37.79942752103576	-122.44953535109394
3973	37.799772739862284	-122.44100689888
3974	37.781758	-122.408442
3975	37.78570727882303	-122.39940047264099
114566	37.761231	-122.425742
3976	37.80033273722505	-122.43850994754871
3977	37.80013	-122.44169
36747	37.79642406344077	-122.46150970458984
3981	37.796102	-122.393701
3984	37.75939199904571	-122.42157697677612
18322	37.78756377867208	-122.40638369629524
36754	37.77449250806557	-122.43776345151586
49043	37.76181315	-122.41950896666667
3990	37.80000269676004	-122.44205987814316
3991	37.80038757348147	-122.43912372919308
36760	37.780425130497186	-122.48162073800447
6040	37.780732049006275	-122.39034178126587
36761	37.800611762949536	-122.43857630249435
12187	37.76487227495448	-122.42385000484498
3996	37.808126116445955	-122.43026501876545
3998	37.771333	-122.414319
12190	37.7960679927155	-122.39360690116882
3999	37.773517590936024	-122.41598188877106
49055	37.76793185696086	-122.4159966092318
4000	37.797558	-122.42974882
4001	37.783755	-122.40342326
4002	37.787420033880174	-122.39935755729675
49058	37.77844326422595	-122.41520017575083
4003	37.800326397681886	-122.44043422391705
4009	37.771822746139456	-122.41385064967962
4010	37.7734489	-122.415767
4011	37.80091718940196	-122.39861726760864
4012	37.79997953286435	-122.43782427731746
4013	37.7734230228068	-122.43906290414552
4014	37.78500461458834	-122.404043941763
8110	37.776667686568715	-122.39799795202178
102319	37.76772943539666	-122.42674827575684
8111	37.787964	-122.407837
8112	37.79054655738382	-122.40394681692123
4017	37.773111	-122.437473
102323	37.760678504319884	-122.44106181790796
8115	37.80330556277074	-122.40288787361693
8116	37.778379	-122.39675891
4021	37.79767968898177	-122.43194612996197
8117	37.77873	-122.397191
4023	37.7869508423918	-122.41118473166134
8121	37.781068438942924	-122.40218537623947
6081	37.770811	-122.403034
8129	37.7858382684861	-122.406513703784
6082	37.76920547699604	-122.42638840637986
8130	37.781806	-122.401752
63426	37.79803105594296	-122.40536593712852
6083	37.759554	-122.419181
22467	37.785006	-122.401618
6084	37.77537903331154	-122.40942120552063
6085	37.746868	-122.41951655
6086	37.76646989403105	-122.42209686816254
6088	37.769228462742	-122.45200395584106
6090	37.761249556060214	-122.42584705352783
6091	37.76710606854535	-122.42877066135406
6092	37.76585072857744	-122.4134966727583
6095	37.800714	-122.436477
6096	37.769888	-122.403163
8145	37.76969703507008	-122.42028951644897
6098	37.79698882519879	-122.43709989502378
92115	37.7660782	-122.40181356666666
6099	37.797620123279906	-122.4309949782525
6100	37.786138	-122.41047101154962
24532	37.76182	-122.435192
8149	37.800192454308096	-122.44189952561615
6102	37.781880993264146	-122.39233553409576
24534	37.71444129901457	-122.4369118865874
8153	37.770061713741356	-122.46992111206055
6106	37.78184495528403	-122.40475416183472
8154	37.80237527720156	-122.40582704544067
8155	37.787033183640254	-122.40404337644577
102362	37.78670422041939	-122.41841076132413
8157	37.800207	-122.437696
6110	37.76621999	-122.4121993
98271	37.79171117623948	-122.39653756937184
8159	37.7648700101	-122.42414311316834
6112	37.800415	-122.438363
8160	37.80825819954507	-122.47062921524048
16353	37.61919450195577	-122.38718032836914
6116	37.76308092594194	-122.40839152923758
8167	37.782897	-122.41921781666667
10218	37.756501	-122.421146
6124	37.77665106264782	-122.39327430725098
10220	37.778957	-122.409482
10222	37.76058975482345	-122.41254535387293
10224	37.78217989583374	-122.39358678460121
8178	37.7766077	-122.4250379
6132	37.76647421515012	-122.40938901901247
8181	37.78247031773999	-122.39267081022263
8182	37.75780582896658	-122.38829612731934
8183	37.782996298214755	-122.417723
8185	37.78096134415301	-122.40261130040633
38909	37.79955559698554	-122.40844130973242
